% start	end	CellId	IMSI	RNTI	LCID	nTxPDUs	TxBytes	nRxPDUs	RxBytes	delay	stdDev	min	max	PduSize	stdDev	min	max
2	2.25	1	1	1	3	2990	3151460	1007	1061378	0.00515343	0.000408003	0.00367049	0.00583593	1054	0	1054	1054	
2.25	2.5	1	1	1	3	3052	3216808	1040	1096160	0.00516187	0.000398312	0.00475465	0.00583528	1054	0	1054	1054	
2.5	2.75	1	1	1	3	3052	3216808	1041	1097214	0.00516444	0.000399127	0.00475433	0.00583465	1054	0	1054	1054	
2.75	3	1	1	1	3	3051	3215754	1040	1096160	0.00516188	0.000398038	0.00475465	0.00583528	1054	0	1054	1054	
3	3.25	1	1	1	3	3052	3216808	1041	1097214	0.00516407	0.000398918	0.00475432	0.0058356	1054	0	1054	1054	
3.25	3.5	1	1	1	3	3052	3216808	1040	1096160	0.00516186	0.000398419	0.00475464	0.00583496	1054	0	1054	1054	
3.5	3.75	1	1	1	3	3052	3216808	1041	1097214	0.00516349	0.000398499	0.00475432	0.0058356	1054	0	1054	1054	
3.75	4	1	1	1	3	3052	3216808	1040	1096160	0.00516098	0.000397935	0.00475432	0.00583592	1054	0	1054	1054	
4	4.25	1	1	1	3	3051	3215754	1041	1097214	0.00516312	0.000398522	0.00475431	0.00583431	1054	0	1054	1054	
4.25	4.5	1	1	1	3	3052	3216808	1040	1096160	0.00516169	0.000398456	0.00475431	0.00583591	1054	0	1054	1054	
4.5	4.75	1	1	1	3	3052	3216808	1041	1097214	0.0051634	0.000398641	0.00475431	0.00583527	1054	0	1054	1054	
4.75	5	1	1	1	3	3052	3216808	1040	1096160	0.005162	0.000398332	0.00475431	0.00583591	1054	0	1054	1054	
5	5.25	1	1	1	3	3051	3215754	1040	1096160	0.00516352	0.000398472	0.00475462	0.00583526	1054	0	1054	1054	
5.25	5.5	1	1	1	3	3052	3216808	1041	1097214	0.00516231	0.000398664	0.00475462	0.00583462	1054	0	1054	1054	
5.5	5.75	1	1	1	3	3052	3216808	1040	1096160	0.00516273	0.000398339	0.0047543	0.00583526	1054	0	1054	1054	
5.75	6	1	1	1	3	3052	3216808	1041	1097214	0.00516258	0.000398479	0.00475462	0.00583557	1054	0	1054	1054	
6	6.25	1	1	1	3	3051	3215754	1040	1096160	0.00516249	0.000398351	0.00475429	0.00583493	1054	0	1054	1054	
6.25	6.5	1	1	1	3	3052	3216808	1041	1097214	0.00516231	0.00039852	0.00475461	0.00583557	1054	0	1054	1054	
6.5	6.75	1	1	1	3	3052	3216808	1040	1096160	0.00516256	0.000398327	0.00475429	0.00583493	1054	0	1054	1054	
6.75	7	1	1	1	3	3052	3216808	1041	1097214	0.00516258	0.000398534	0.00475429	0.00583589	1054	0	1054	1054	
7	7.25	1	1	1	3	3051	3215754	1040	1096160	0.00516272	0.000398256	0.00475428	0.00583492	1054	0	1054	1054	
7.25	7.5	1	1	1	3	3052	3216808	1041	1097214	0.00516118	0.000398399	0.00475428	0.00583588	1054	0	1054	1054	
7.5	7.75	1	1	1	3	3052	3216808	1040	1096160	0.00516255	0.000398358	0.00475428	0.00583364	1054	0	1054	1054	
7.75	8	1	1	1	3	3052	3216808	1041	1097214	0.00516337	0.000398931	0.00475428	0.00583588	1054	0	1054	1054	
8	8.25	1	1	1	3	3051	3215754	1040	1096160	0.00516271	0.000398316	0.00475459	0.00583459	1054	0	1054	1054	
8.25	8.5	1	1	1	3	3052	3216808	1041	1097214	0.0051634	0.000398864	0.00475427	0.00583523	1054	0	1054	1054	
8.5	8.75	1	1	1	3	3052	3216808	1040	1096160	0.00516168	0.000398115	0.00475459	0.00583459	1054	0	1054	1054	
8.75	9	1	1	1	3	3052	3216808	1041	1097214	0.00516313	0.000398716	0.00475427	0.00583555	1054	0	1054	1054	
9	9.25	1	1	1	3	3051	3215754	1040	1096160	0.00516103	0.000397885	0.00475458	0.0058333	1054	0	1054	1054	
9.25	9.5	1	1	1	3	3052	3216808	1041	1097214	0.00516308	0.000398486	0.00475426	0.00583554	1054	0	1054	1054	
9.5	9.75	1	1	1	3	3052	3216808	1040	1096160	0.00516191	0.000398382	0.00475426	0.00583586	1054	0	1054	1054	
9.75	10	1	1	1	3	3052	3216808	1041	1097214	0.00516312	0.000398551	0.00475426	0.00583265	1054	0	1054	1054	
10	10.25	1	1	1	3	3051	3215754	1040	1096160	0.00516173	0.000398311	0.00475425	0.00583585	1054	0	1054	1054	
10.25	10.5	1	1	1	3	3052	3216808	1041	1097214	0.00516403	0.000398857	0.00475425	0.00583521	1054	0	1054	1054	
10.5	10.75	1	1	1	3	3052	3216808	1040	1096160	0.00516182	0.000398568	0.00475425	0.00583585	1054	0	1054	1054	
10.75	11	1	1	1	3	3052	3216808	1041	1097214	0.00516335	0.000398569	0.00475457	0.00583521	1054	0	1054	1054	
11	11.25	1	1	1	3	3051	3215754	1040	1096160	0.00516204	0.000398135	0.00475456	0.00583392	1054	0	1054	1054	
11.25	11.5	1	1	1	3	3052	3216808	1041	1097214	0.00516332	0.000398539	0.00475456	0.00583615	1054	0	1054	1054	
11.5	11.75	1	1	1	3	3052	3216808	1040	1096160	0.00516109	0.00039818	0.00475456	0.00583552	1054	0	1054	1054	
11.75	12	1	1	1	3	3052	3216808	1041	1097214	0.00516374	0.000398635	0.00475456	0.00583615	1054	0	1054	1054	
12	12.25	1	1	1	3	3052	3216808	1040	1096160	0.00516227	0.000398008	0.00475487	0.00583551	1054	0	1054	1054	
12.25	12.5	1	1	1	3	3051	3215754	1040	1096160	0.00516357	0.000398722	0.00475455	0.00583583	1054	0	1054	1054	
12.5	12.75	1	1	1	3	3052	3216808	1041	1097214	0.00516273	0.000398558	0.00475487	0.00583423	1054	0	1054	1054	
12.75	13	1	1	1	3	3052	3216808	1040	1096160	0.00516387	0.000398653	0.00475455	0.00583583	1054	0	1054	1054	
13	13.25	1	1	1	3	3052	3216808	1041	1097214	0.00516285	0.00039859	0.00475454	0.00583518	1054	0	1054	1054	
13.25	13.5	1	1	1	3	3051	3215754	1040	1096160	0.00516181	0.000397905	0.00475454	0.00583582	1054	0	1054	1054	
13.5	13.75	1	1	1	3	3052	3216808	1041	1097214	0.00516249	0.000398732	0.00475454	0.00583614	1054	0	1054	1054	
13.75	14	1	1	1	3	3052	3216808	1040	1096160	0.00516292	0.000398307	0.00475454	0.00583454	1054	0	1054	1054	
14	14.25	1	1	1	3	3052	3216808	1041	1097214	0.00516284	0.000398619	0.00475452	0.00583613	1054	0	1054	1054	
14.25	14.5	1	1	1	3	3051	3215754	1040	1096160	0.00516306	0.000398256	0.00475485	0.00583549	1054	0	1054	1054	
14.5	14.75	1	1	1	3	3052	3216808	1041	1097214	0.00516248	0.000398788	0.00475452	0.00583613	1054	0	1054	1054	
14.75	15	1	1	1	3	3052	3216808	1040	1096160	0.00516291	0.000398167	0.00475452	0.00583549	1054	0	1054	1054	
15	15.25	1	1	1	3	3052	3216808	1041	1097214	0.00516268	0.000398606	0.00475484	0.0058358	1054	0	1054	1054	
15.25	15.5	1	1	1	3	3051	3215754	1040	1096160	0.00516313	0.000398208	0.00475451	0.0058342	1054	0	1054	1054	
15.5	15.75	1	1	1	3	3052	3216808	1041	1097214	0.00516328	0.000398912	0.00475484	0.0058358	1054	0	1054	1054	
15.75	16	1	1	1	3	3052	3216808	1040	1096160	0.00516196	0.000398205	0.00475451	0.00583516	1054	0	1054	1054	
16	16.25	1	1	1	3	3052	3216808	1041	1097214	0.00516338	0.000398619	0.00475451	0.00583579	1054	0	1054	1054	
16.25	16.5	1	1	1	3	3051	3215754	1040	1096160	0.00516218	0.000398165	0.00475451	0.00583515	1054	0	1054	1054	
16.5	16.75	1	1	1	3	3052	3216808	1041	1097214	0.00516343	0.000398687	0.00475451	0.00583611	1054	0	1054	1054	
16.75	17	1	1	1	3	3052	3216808	1040	1096160	0.00516091	0.000398047	0.00475451	0.00583515	1054	0	1054	1054	
17	17.25	1	1	1	3	3052	3216808	1041	1097214	0.00516337	0.000398654	0.0047545	0.0058361	1054	0	1054	1054	
17.25	17.5	1	1	1	3	3051	3215754	1040	1096160	0.00516209	0.000398296	0.0047545	0.00583482	1054	0	1054	1054	
17.5	17.75	1	1	1	3	3052	3216808	1041	1097214	0.00516438	0.000398826	0.0047545	0.0058361	1054	0	1054	1054	
17.75	18	1	1	1	3	3052	3216808	1040	1096160	0.00516208	0.000398281	0.00475481	0.00583482	1054	0	1054	1054	
18	18.25	1	1	1	3	3052	3216808	1041	1097214	0.00516441	0.000399042	0.00475449	0.00583577	1054	0	1054	1054	
18.25	18.5	1	1	1	3	3051	3215754	1040	1096160	0.005162	0.000398112	0.0047548	0.00583481	1054	0	1054	1054	
18.5	18.75	1	1	1	3	3052	3216808	1041	1097214	0.00516224	0.000398233	0.00475449	0.00583577	1054	0	1054	1054	
18.75	19	1	1	1	3	3052	3216808	1040	1096160	0.00516207	0.000398334	0.00475449	0.00583352	1054	0	1054	1054	
19	19.25	1	1	1	3	3052	3216808	1041	1097214	0.00516361	0.00039871	0.00475448	0.00583576	1054	0	1054	1054	
19.25	19.5	1	1	1	3	3051	3215754	1040	1096160	0.00516095	0.000397907	0.00475448	0.00583608	1054	0	1054	1054	
19.5	19.75	1	1	1	3	3052	3216808	1040	1096160	0.00516351	0.000398489	0.00475448	0.00583384	1054	0	1054	1054	
19.75	20	1	1	1	3	3052	3216808	1041	1097214	0.00516261	0.00039881	0.00475448	0.00583608	1054	0	1054	1054	
20	20.25	1	1	1	3	61	64294	39	41106	0.00523416	0.0004175	0.00477847	0.00582648	1054	0	1054	1054	
